 Solution found in 32.05165708 Seconds
[1, 0, 0, 0, 0, 0, 0, 0]
[0, 1, 0, 0, 1, 0, 1, 0]
[0, 0, 0, 1, 0, 1, 0, 1]
[1, 0, 1, 0, 0, 0, 0, 0]
[0, 0, 0, 0, 1, 0, 1, 0]
[0, 1, 0, 0, 0, 1, 0, 0]


CheckWhiteLines Otimized

Solution found in 25.959471526 Seconds
[1, 0, 0, 0, 0, 0, 0, 0]
[0, 1, 0, 0, 1, 0, 1, 0]
[0, 0, 0, 1, 0, 1, 0, 1]
[1, 0, 1, 0, 0, 0, 0, 0]
[0, 0, 0, 0, 1, 0, 1, 0]
[0, 1, 0, 0, 0, 1, 0, 0]

 Solution found in 4.331372592 Seconds
[1, 0, 0, 0, 0, 0, 0, 0]
[0, 1, 0, 0, 1, 0, 1, 0]
[0, 0, 0, 1, 0, 1, 0, 1]
[1, 0, 1, 0, 0, 0, 0, 0]
[0, 0, 0, 0, 1, 0, 1, 0]
[0, 1, 0, 0, 0, 1, 0, 0]